images/0/0.jpg	5,22,43,80	61,21,71,34	92,16,132,62	130,4,182,86	171,10,229,85	213,9,259,50	265,8,276,22	299,9,350,57	337,10,414,86	391,12,406,28	421,9,482,59	470,20,567,101	528,26,548,44
images/0/1.jpg	1,13,28,28	30,13,56,44	59,14,65,19	68,13,95,38	97,14,104,19	108,13,132,34	134,14,160,44	162,13,169,19	172,8,204,41	205,13,232,44	234,14,241,19	244,13,269,31	270,13,296,33	297,14,319,33	323,13,348,31	350,14,357,19
images/0/2.jpg	3,21,53,81	19,18,59,79	29,21,77,80	54,21,127,146	63,18,105,79	67,9,125,80	249,22,334,147	272,22,313,83	267,1,361,146	402,21,443,83	404,9,469,81	585,22,643,127	586,1,658,80	719,22,824,160	745,21,787,84
images/0/3.jpg	4,0,58,86	62,12,109,65	129,27,147,43	166,12,210,85	219,43,266,129	288,54,306,69	327,60,373,145	379,65,425,117	447,70,464,88	484,74,531,120	539,79,583,129	605,79,623,99	646,80,690,133	689,63,742,166	763,80,780,101
images/0/4.jpg	10,9,50,83	48,32,88,67	88,33,102,46	100,31,138,71	137,32,179,96	178,32,218,86	219,33,232,45	232,31,273,102	271,9,312,86	311,31,352,69	352,31,365,44	364,9,404,69	402,31,416,44
images/0/5.jpg	3,33,22,65	23,34,40,53	44,29,63,50	74,25,81,33	92,11,118,54	129,19,138,27	152,19,181,46	184,7,225,63	241,22,252,32	272,11,315,65	323,35,375,90	401,45,421,57
images/0/6.jpg	8,6,21,46	90,7,103,25
images/0/7.jpg	3,3,80,93	88,31,150,81	173,44,196,60	210,37,281,112	302,57,360,103	381,59,405,75	417,43,501,136	499,51,566,98	575,42,599,61	612,18,703,104	697,18,721,35
images/0/8.jpg	2,15,22,37	22,5,36,123	58,22,74,56	77,27,88,49	86,12,113,133	115,32,125,53	122,21,152,69	168,39,189,60	189,43,199,65	190,42,225,121	247,51,257,73	258,36,287,73	286,56,296,78
images/0/9.jpg	10,19,63,79	95,32,115,75	129,31,148,63	139,10,187,94	198,31,222,70	223,30,243,63	242,31,287,64	278,31,331,82	340,31,361,75	374,30,394,63	394,11,444,63	440,31,474,65	473,31,493,63
images/0/10.jpg	1,13,40,38	43,13,72,56	91,13,130,38	134,13,175,34	179,12,211,49	249,11,280,43	286,11,299,36	303,1,349,53	373,11,401,63	407,11,420,36
images/0/11.jpg	10,54,59,148	88,60,108,94	114,57,126,91	130,49,161,112	188,39,222,104	227,36,247,70	254,32,265,66	269,10,291,49	310,19,344,85	349,14,369,50	374,12,387,46
images/0/12.jpg	9,4,44,32	57,1,93,41	94,31,117,46	118,32,144,73	145,20,199,73	212,50,231,70	232,43,283,75	284,64,323,90	325,71,350,89	352,74,371,95	372,80,410,111	424,88,450,106	452,92,471,113
images/0/13.jpg	1,9,55,47	100,22,137,75	117,22,139,52	127,21,160,49	152,24,174,51	155,9,210,76	252,20,282,75	266,23,301,54	293,21,345,76	332,21,367,74	356,24,375,50	368,22,401,54	394,21,431,75	522,21,551,76	547,24,561,48
images/0/14.jpg	10,2,57,81	54,23,94,86	96,27,108,42	107,29,147,91	153,34,166,48	167,35,207,75	207,39,248,84	249,44,289,91	293,49,305,63
images/0/15.jpg	10,41,93,146	83,34,126,72	119,28,196,102	170,8,247,129	222,21,295,125	272,19,343,87	335,20,375,57	366,22,436,105	414,25,480,90	473,30,510,65	503,35,566,100	560,42,595,77
images/0/16.jpg	3,19,25,51	23,0,47,56	57,19,69,54	67,19,85,68	96,20,119,54	118,19,130,54	128,19,157,51	158,19,169,54	168,3,200,66	219,19,241,51	240,20,263,54	262,19,274,54	272,6,304,52	323,18,335,60	334,20,346,54
images/0/17.jpg	2,6,31,64	35,17,48,38	49,16,54,40	55,16,69,61	90,17,101,37	102,17,107,39	107,17,118,37	119,16,124,40	124,17,131,64	132,17,147,51	148,16,153,40	153,6,182,65	183,17,198,50	199,16,204,40
images/0/18.jpg	5,46,28,84	85,41,107,65	147,34,162,47	206,31,216,47	245,9,276,39	315,21,334,46	375,23,386,39	409,21,429,53	486,21,503,44	542,25,558,36	602,28,613,43	658,33,671,56	714,40,733,63	775,47,786,62
images/0/19.jpg	10,6,43,70	49,9,89,52	94,12,106,25	109,14,146,68	152,18,188,58	192,22,232,64	237,26,249,39	251,14,296,67	309,31,342,96	350,35,361,49	363,37,398,101	401,27,439,82	446,44,458,56
images/0/20.jpg	6,9,52,72
images/0/21.jpg	4,31,30,61	29,14,55,59	66,25,93,55	93,26,104,52	102,23,124,65	136,5,157,48	171,19,183,45	181,16,204,47	205,17,221,57	219,15,231,41	230,11,250,40	250,13,261,39	261,10,287,38	287,7,310,38	311,5,331,32	330,6,342,33
images/0/22.jpg	10,36,52,92	56,48,65,58	70,45,102,84	106,41,144,83	142,38,151,49	155,18,195,87	193,32,233,108	229,29,236,40	241,26,280,103	276,21,310,60	312,19,322,30	325,1,367,55	372,12,380,22
images/0/23.jpg	5,7,32,33	23,5,72,60	65,23,104,130	119,30,135,56	153,33,179,57	196,37,212,63	225,26,260,62	266,36,295,62	313,33,329,60	337,16,376,134	376,24,415,130	429,16,456,43	478,8,496,35
images/0/24.jpg	1,2,81,85	85,21,106,36	111,19,176,68	179,19,233,51	240,19,288,54	291,19,304,32	308,19,351,55	354,4,391,64	393,18,426,49	428,18,437,29	440,18,471,57	474,18,499,40	500,19,507,28	510,18,533,42	536,19,542,27
images/0/25.jpg	7,63,40,99	78,48,129,122	124,23,192,80	220,32,260,69	302,26,325,68	370,24,403,60	450,24,472,63	493,10,561,59	574,8,622,70	666,35,704,70	750,41,773,79	803,29,850,122	903,64,925,102
images/0/26.jpg	10,32,42,69	42,30,84,95	84,27,119,64	119,24,126,34	128,24,160,61	160,8,196,57	206,18,241,55	241,16,248,26	249,1,291,78	294,13,329,50	329,10,336,19	338,10,377,74	375,7,410,44	410,5,417,14
images/0/27.jpg	4,7,28,21	23,4,48,28	106,3,130,44	125,7,139,21	134,7,152,21	147,7,174,30	221,7,241,44	236,7,250,22	245,3,270,21	319,7,341,28	336,7,350,22	345,7,360,44	355,7,385,46	380,7,398,21	393,7,407,22
images/0/28.jpg	8,9,43,51
images/0/29.jpg	3,5,89,70	95,40,158,71	167,41,201,61	206,16,286,80	298,43,325,61	330,43,360,59	365,34,409,75	434,44,455,61	459,45,483,59	487,46,501,68	541,46,568,68	572,47,587,61	591,48,603,68	634,48,647,61
images/0/30.jpg	2,56,33,93	50,55,79,73	77,53,94,76	143,48,169,60	169,45,188,57	187,9,223,70	223,42,241,54	240,4,278,111	319,35,345,46	346,33,364,43	364,32,382,44
images/0/31.jpg	3,2,37,40	52,14,65,26	75,8,118,69	120,29,150,69	169,37,181,52	194,40,230,91	235,47,269,84	286,48,299,62	313,29,344,113	364,53,375,62	393,48,424,84	430,44,462,110	470,43,503,81	509,36,543,75	559,31,571,45
images/0/32.jpg	8,68,26,88	29,70,41,97	40,66,52,82	52,59,79,109	124,53,137,72	135,52,153,67	152,51,193,125	223,40,240,55	241,38,252,53	251,35,266,65	265,35,288,63	284,30,298,49	290,9,353,108	372,18,386,36
images/0/33.jpg	5,18,39,63	38,7,72,54	71,22,82,36	82,8,117,55	115,23,148,67	148,24,182,56	182,27,193,41	194,27,227,62	226,28,259,58	259,31,270,45	271,30,303,73	303,32,336,77	336,34,347,48
images/0/34.jpg	8,5,29,33	29,8,53,33	61,14,68,22	76,12,100,51	111,19,118,29	129,20,157,45	159,21,189,47	189,21,222,47	237,19,245,28	260,13,300,61	300,13,343,44	343,9,391,42	408,2,420,13
images/0/35.jpg	1,6,33,70	37,20,48,27	49,6,91,46	89,20,115,46	116,20,147,46	149,20,160,28	161,20,187,46	188,20,219,45	219,20,248,50	250,20,262,28	262,20,287,47	289,6,330,67	328,20,353,67	356,20,367,29
images/0/36.jpg	9,36,66,82	77,17,141,80	176,25,231,80	269,21,298,67	341,18,387,65	434,15,462,62	512,14,543,68	587,16,627,74	675,18,703,65	717,3,788,88	829,20,868,78	907,22,953,70	997,27,1026,75	1060,9,1124,77	1157,39,1186,85
images/0/37.jpg	10,32,59,87	65,8,113,81	121,31,170,82	179,31,223,81	229,31,241,47	246,31,293,104	299,32,346,104	351,31,363,48	369,7,418,79	422,32,435,48	439,30,488,81	495,7,543,82	547,32,594,81	599,32,611,49
images/0/38.jpg	4,7,34,92
images/0/39.jpg	2,6,44,36	47,15,77,37	78,15,87,21	89,15,119,36	119,15,151,36	151,15,184,36	186,15,195,21	196,6,237,35	240,15,250,21	251,15,288,51	293,15,325,51	326,15,335,21
images/0/40.jpg	8,23,44,79	34,23,78,108	61,22,80,80	69,22,94,78	80,5,110,78	187,22,203,80	192,3,231,134	301,24,333,110	328,22,339,80	336,22,355,76	352,11,390,161	516,23,546,146	540,23,554,80	548,23,579,79	572,24,597,111	599,22,616,80
images/0/41.jpg	10,39,63,108	51,53,71,71	65,29,120,101	110,44,161,78	150,40,173,60	165,36,217,92	207,17,259,73	250,26,300,64	291,24,311,43	305,18,357,76	348,14,399,55	390,9,443,53	432,7,454,26
images/0/42.jpg	2,49,43,92	55,45,79,65	80,21,130,60	139,35,169,53	172,34,196,54	200,4,238,57	240,25,278,56	281,23,304,43	307,20,328,54	331,16,356,36	360,15,393,43	396,13,420,33
images/0/43.jpg	1,9,29,40	60,6,87,37	103,17,114,36	119,15,162,37	165,17,201,36	204,17,228,36	234,17,245,35	249,17,275,36	278,15,306,40	311,18,322,36	327,17,363,37	367,18,392,42	397,17,408,36	412,17,431,44	450,18,462,36
images/0/44.jpg	10,21,40,70	44,20,77,51	79,20,85,30	88,18,120,65	123,19,130,27	132,11,161,51	166,10,197,47	201,18,209,28	210,16,243,47	245,15,277,47	279,13,287,23	288,7,323,57	326,14,357,44	360,14,368,23
images/0/45.jpg	1,2,55,57	49,23,94,101	92,31,136,75	139,39,152,51	150,43,195,83	200,49,212,61	210,52,255,129	254,60,298,137	298,67,341,112	343,73,356,86	352,70,409,140	403,86,448,126	452,93,464,105	463,81,509,172	513,104,525,117
images/0/46.jpg	6,17,19,111	68,17,78,43	76,0,115,43	202,17,231,96	229,17,247,43	245,17,255,43	253,11,266,90	361,17,371,43	369,12,382,90	477,17,501,58	499,17,509,43	507,16,528,90	527,17,545,43	544,17,562,43	560,17,570,43
images/0/47.jpg	4,2,39,57	41,14,74,44	75,14,85,28	90,14,125,48	126,2,161,57	163,14,197,58	197,13,207,27	212,13,248,53	250,13,282,41	285,13,318,45	319,13,329,28
images/0/48.jpg	4,34,59,92	57,40,115,104	119,31,137,51	153,5,214,85	225,21,242,41	266,21,319,82	318,19,372,86	388,25,403,48	425,13,474,73	485,39,531,87	556,52,570,76
images/0/49.jpg	8,1,49,37	46,3,95,56	97,8,126,53	128,10,142,45	143,10,181,44	181,12,211,49	211,16,226,51	226,15,269,53	268,19,297,65	300,21,314,56	314,0,359,58	356,24,385,61	386,27,401,63	402,27,417,70	415,28,453,82	460,31,476,74	477,33,492,69
images/0/50.jpg	4,29,41,96	48,9,82,57	74,27,105,95	110,25,126,56	99,26,154,93	186,25,210,94	217,26,229,57	229,15,282,55	284,28,312,73	313,26,326,58	326,27,349,54	350,25,363,56	363,28,384,95	379,26,414,73	407,26,424,57
images/0/51.jpg	10,19,34,51	56,16,79,48	76,14,88,40	86,15,104,50	113,13,124,38	122,4,157,46	165,13,192,36	191,12,203,38	201,11,223,39	221,2,255,37	266,9,278,36
images/0/52.jpg	1,24,59,60	60,8,121,63	146,42,172,70	178,25,223,68	257,18,303,79	307,62,332,91	332,45,392,113	420,79,455,99	463,83,491,109	494,86,554,122	561,73,612,118	639,106,665,133
images/0/53.jpg	7,58,39,101	76,49,107,109	101,48,113,63	110,46,133,59	134,44,155,69	151,42,164,58	162,39,192,65	188,37,209,63	205,35,218,51	211,16,244,49	263,29,293,55	289,27,306,41	304,24,318,40	316,22,338,38	335,7,369,37	389,16,413,42	409,13,423,29
images/0/54.jpg	4,22,58,116	60,-1,118,77	118,30,172,85	176,32,191,49	195,7,251,117	255,38,309,132	313,41,327,57	334,44,389,104	391,17,449,111	451,50,502,144	508,54,522,68	526,27,584,133	584,60,636,113	642,63,657,77
images/0/55.jpg	1,25,19,41	17,25,26,43	25,2,63,64	82,25,116,65	115,26,124,44	123,25,148,76	242,25,252,43	251,10,278,67	336,25,359,43	358,25,381,46	380,26,391,46	391,26,415,46
images/0/56.jpg	2,8,35,52	40,20,71,48	75,20,84,33	89,21,120,52	125,21,158,61	164,20,195,62	199,21,208,32	213,20,244,55	249,20,279,62	284,21,293,33	297,21,330,49	334,9,365,47	371,20,401,49	405,20,414,32
images/0/57.jpg	7,16,44,32	68,16,83,31	103,5,141,30	167,11,182,26	211,8,238,37	256,8,295,23	318,7,333,22	368,7,382,25	412,7,439,27	468,8,483,23	500,9,550,22	568,11,583,26	612,12,639,40	656,16,695,31	718,19,733,34
images/0/58.jpg	1,2,67,94	57,28,107,84	110,27,125,44	115,28,170,80	157,27,209,115	213,27,228,45	224,27,269,122	267,3,310,79	310,26,351,122	354,27,368,44	370,27,410,80	413,27,455,80	454,26,467,42	471,27,524,122	512,26,525,43
images/0/59.jpg	8,10,38,48	41,23,69,87	71,10,111,87	109,28,132,50	135,27,149,51	149,27,182,87	180,28,195,52	196,28,218,50	222,28,252,86	245,27,261,52	262,28,287,49	291,28,314,50	317,28,331,51	332,27,372,87	365,28,379,51
images/0/60.jpg	7,17,55,58	57,17,102,54	103,18,118,29	122,17,163,46	166,17,213,59	215,17,260,46	262,17,275,30	281,17,322,46	324,6,373,45	376,17,417,55	421,17,436,29	437,17,482,45	488,17,531,41	533,17,548,30
images/0/61.jpg	8,21,40,72	45,6,85,70	89,21,119,70	123,20,135,32	139,21,171,49	177,21,186,33	191,4,223,48	227,18,239,30	243,2,275,50	279,21,311,49	316,19,326,30	331,19,361,70	365,19,397,50	403,21,413,29	417,21,449,65	453,22,465,31
images/0/62.jpg	4,16,35,66	35,16,64,61	64,16,95,67	95,16,128,48	128,16,137,30	137,2,162,66	165,17,174,28	174,17,204,47	204,16,235,52	235,18,244,29	244,18,272,48	272,4,312,56	312,17,321,27
images/0/63.jpg	0,39,38,106	37,53,66,85	66,47,97,78	96,46,105,57	105,28,137,88	136,40,145,51	144,36,174,69	174,19,206,72	206,27,238,56	238,25,247,35	246,3,285,52	284,16,312,69	311,14,320,25
images/0/64.jpg	6,8,77,106	97,53,133,109	178,73,194,110	236,60,279,161	322,86,339,125	380,80,423,157
images/0/65.jpg	9,2,52,75	53,8,67,31	67,8,112,56	114,15,126,37	128,15,168,88	172,22,213,68	217,27,230,51	232,29,274,100	280,33,320,106	323,40,368,88	370,45,384,66	385,48,427,119	434,53,476,99	475,57,522,108	524,64,571,135	574,69,587,91
images/0/66.jpg	4,70,43,111	45,42,87,101	100,31,142,88	169,40,177,50	206,31,246,72	270,25,279,33	301,6,343,66	359,21,399,95	425,19,433,28	463,23,497,63	516,28,547,100	565,31,603,105	631,41,640,51
images/0/67.jpg	4,9,29,57	33,7,57,38	69,21,80,41	84,16,115,37	118,21,147,42	150,20,171,40	175,22,186,43	189,21,209,40	212,22,232,61	236,23,248,44	251,22,279,43	282,24,302,52	306,25,318,46	321,25,341,44	345,25,357,46	360,26,383,51	386,25,407,45	410,27,422,48
images/0/68.jpg	9,28,36,46	60,23,81,46	107,17,121,32	143,14,157,38	200,11,213,26	231,2,268,32	285,11,315,26	339,14,352,28	381,14,402,30	415,10,437,44	472,23,496,42	525,31,538,46
images/0/69.jpg	10,5,50,57	61,10,112,107	123,35,165,129	179,51,223,106	251,67,264,82	292,79,338,172	352,91,393,149	423,103,435,117	464,113,507,205	521,122,564,215	578,130,622,184	650,139,663,153	692,144,735,238	742,127,797,204	807,154,849,247	865,158,906,252	921,161,964,217	992,165,1004,180
images/0/70.jpg	9,8,31,54	30,22,37,28	37,23,59,62	58,22,80,57	80,22,87,29	87,8,108,63	108,23,115,29	114,21,137,65	137,8,162,62	162,22,183,64	183,22,190,29	189,22,210,44	210,22,217,28
images/0/71.jpg	10,21,69,72	69,21,122,118	118,23,147,70	143,25,172,120	167,4,262,121	260,27,313,123	310,29,337,77	334,30,375,71	373,30,398,77	395,11,486,80	486,34,550,131	547,36,593,85	591,37,617,84	613,9,674,135	700,39,726,87
images/0/72.jpg	6,21,41,60	46,6,82,78	86,21,119,79	121,21,134,40	137,22,173,81	176,22,211,57	214,21,225,40	228,22,264,59	271,21,283,40	286,22,321,78	323,22,359,60	360,21,372,40	375,22,412,79	413,21,425,40	428,12,465,56	469,22,504,78	506,21,517,40
images/0/73.jpg	4,37,35,67	43,34,62,52	61,33,73,54	73,32,93,52	92,31,126,69	135,28,165,50	164,26,181,50	179,15,236,51	260,20,295,42	292,15,313,44	314,2,411,40	427,10,454,46	454,9,485,42
images/0/74.jpg	0,1,34,70	132,26,157,76	155,29,166,53	164,24,198,56	196,35,207,59	205,19,247,94	294,53,318,103	316,56,327,79	325,58,363,110	361,54,386,115	450,79,463,127	461,80,472,104
images/0/75.jpg	2,14,22,29	78,19,108,86	172,26,184,43	253,28,267,59	334,34,355,62	418,36,432,54	479,19,506,68	581,38,603,67	668,39,681,57	737,0,779,66	834,37,847,55	888,33,902,69	995,30,1015,44	1083,26,1096,44	1129,19,1148,51	1248,15,1261,32
images/0/76.jpg	9,11,33,39	40,26,60,52	62,28,75,44	77,27,99,57	107,25,123,42	126,26,139,44	140,6,166,52	174,27,192,50	194,25,207,42	209,5,231,59	233,26,258,43	260,24,276,42	279,26,291,41	293,4,321,40	324,27,336,44
images/0/77.jpg	10,14,57,75	61,32,73,51	77,33,117,93	121,32,162,70	165,31,177,49	182,12,222,93	228,30,240,49	245,30,286,77	289,10,337,91	341,29,384,75	388,27,400,45	404,8,450,87	454,27,465,47
images/0/78.jpg	8,2,113,129	79,29,160,129	144,29,182,59	157,4,254,94	217,29,300,129	282,29,318,59	298,29,378,94	353,3,432,101	418,29,455,58	430,28,518,91	491,29,572,129	556,29,594,58
images/0/79.jpg	6,1,25,52	26,18,43,74	43,18,58,50
images/0/80.jpg	0,15,31,65	41,19,68,52	60,17,81,39	76,16,91,42	87,16,124,73	117,17,143,52	138,18,150,40	147,17,160,71	157,16,179,51	176,16,187,40	185,19,202,44	201,5,213,72	220,18,230,43	229,0,256,72	253,16,274,52	273,19,284,43
images/0/81.jpg	5,25,34,68	34,24,59,105	61,24,92,68	94,24,99,33	100,2,129,105	132,25,137,34	139,24,171,105	172,25,201,69	204,24,236,66	238,24,243,33	245,24,273,69	274,3,310,78	315,25,344,65	346,24,351,33
images/0/82.jpg	4,8,60,60	52,8,106,87	105,8,156,98	155,9,172,27	169,8,225,59	222,8,276,98	277,9,294,28	292,8,342,62	342,8,393,96	392,8,441,66	442,9,458,28	459,8,509,98	510,8,554,96
images/0/83.jpg	0,19,51,72	36,19,103,82	91,19,145,67	145,20,162,32	145,1,224,112	205,20,259,112	258,20,275,32	259,20,317,82	311,20,367,67	367,20,384,32	372,20,426,112	415,20,471,67	471,20,488,32	477,19,533,68	520,19,574,66	581,20,597,32
images/0/84.jpg	6,26,55,124	58,49,100,146	98,46,137,109	139,43,177,78	185,40,195,50	203,39,237,75	239,8,284,132	291,32,335,130	333,29,344,39	352,27,391,89	393,24,430,60	438,22,448,31
images/0/85.jpg	8,18,44,49	44,18,79,48	79,18,88,30	88,18,127,82	129,18,166,54	166,18,175,30	175,5,217,63	218,18,255,54	255,17,264,30	264,2,299,48	299,18,335,83	335,17,344,30	344,18,380,49	380,17,415,48	415,18,424,30
images/0/86.jpg	1,7,64,51	65,22,83,90	83,22,99,56	98,0,136,90	158,21,171,57	172,22,212,89	224,23,238,90	239,22,254,55	255,24,289,89	292,22,323,89	326,21,338,56	342,0,377,56	381,22,393,56
images/0/87.jpg	5,9,36,41	37,13,68,60	70,17,99,46	101,21,112,37	111,12,149,60	148,26,176,56	180,31,190,47	191,19,222,78	224,36,234,52	234,36,266,76	268,40,298,72	301,46,311,61
images/0/88.jpg	4,9,34,103	26,11,46,56	39,10,59,57	51,13,64,62	55,14,91,82	171,13,193,72	259,41,274,90	267,29,288,84	396,57,422,153	414,59,427,107	420,58,448,105	440,64,459,108	452,65,466,112	453,48,491,152	547,76,562,125
images/0/89.jpg	6,15,42,36	43,2,82,32	84,15,120,36	124,15,135,35	136,15,161,46	179,14,190,35	193,15,217,34	218,3,261,52	262,15,296,33	299,15,311,35	313,15,345,40	345,15,369,36	373,14,384,35
images/0/90.jpg	6,29,35,67	34,28,43,45	43,28,73,61	77,27,107,87	107,27,139,80	140,26,151,43	150,25,186,59	190,24,227,62	229,24,242,42	240,13,283,59	286,23,329,83	329,22,343,42	342,20,389,82	391,3,444,84	449,19,465,41
images/0/91.jpg	6,26,31,108	33,2,50,70	64,26,89,108	93,27,102,72	105,26,120,77	123,27,137,69	140,27,154,69	158,27,167,71	170,3,187,109	200,26,210,107	213,2,230,71	243,27,259,71	263,27,272,72	275,6,309,61	315,27,329,76	334,27,343,72
images/0/92.jpg	3,31,46,85	45,8,87,120	93,31,133,81	132,31,175,80	176,32,189,48	188,11,241,120	237,31,280,120	280,32,294,48	290,20,344,77	335,31,381,120	381,33,394,48	388,6,432,84	434,31,486,120	483,33,499,48	491,31,538,78	525,31,578,120	576,33,592,48
images/0/93.jpg	0,2,56,87	66,28,93,99	133,40,146,78	161,27,221,113	252,51,267,123	317,57,329,95	369,54,406,128	436,53,457,86	495,49,521,86	560,45,581,82	615,39,644,79	671,28,702,62	732,21,756,53
images/0/94.jpg	4,20,32,57	32,10,67,37	67,9,100,40	103,19,110,25	111,11,147,58	148,19,155,25	156,20,189,57	190,19,220,37	221,20,228,26	228,18,261,57	264,19,296,41	296,20,302,25
images/0/95.jpg	1,5,44,97	44,26,55,50	56,4,103,80	100,25,145,98	144,2,187,95	186,26,230,71	229,25,240,50	239,25,284,99	282,26,327,69	325,25,337,49	336,26,379,73	380,25,423,99	423,25,434,48	434,7,478,72	477,26,520,99	520,25,532,49
images/0/96.jpg	2,52,39,110	35,27,72,98	70,34,105,89	103,28,135,60	147,24,157,36	165,19,195,72	194,19,226,71	225,3,254,66	254,20,283,51	292,24,302,34	313,28,341,60	342,34,372,87	372,43,401,77	411,51,422,62
images/0/97.jpg	4,19,42,51	58,4,130,64	147,34,187,72	226,38,249,75	292,42,340,85	366,44,406,79	418,43,483,111	524,42,548,80	594,38,635,71	641,15,713,91	754,26,780,69	835,18,861,56
images/0/98.jpg	10,26,44,69	43,6,82,71	81,24,90,38	91,10,129,65	130,23,167,101	166,21,175,36	176,22,212,100	211,2,249,68	249,19,259,33	259,20,295,62	295,19,330,61	331,17,340,31	341,18,379,64	378,17,415,95	414,16,449,94	448,15,458,28
images/0/99.jpg	4,22,53,59	58,21,94,60	98,21,144,57	151,21,167,60	172,12,199,68	258,21,277,67	286,21,301,61	307,8,347,59	391,21,428,60	435,20,450,59	456,1,509,56	535,21,584,60	589,20,626,60	631,20,647,60	642,20,695,85	726,20,741,61
