images/0/0.jpg	6,22,43,74	61,22,70,31	93,16,132,57	129,4,180,80	172,10,228,79	214,9,258,45	266,10,275,19	300,9,347,50	339,11,411,79	392,12,402,22	423,9,479,53	471,20,561,93	530,27,542,37
images/0/1.jpg	1,13,28,28	30,13,56,44	59,14,65,19	68,13,95,38	97,14,104,19	108,13,132,34	134,14,160,44	162,13,169,19	172,8,204,41	205,13,232,44	234,14,241,19	244,13,269,31	270,13,296,33	297,14,319,33	323,13,348,31	350,14,357,19
images/0/2.jpg	3,21,53,81	19,18,59,79	29,21,77,80	54,21,127,146	63,18,105,79	67,9,125,80	249,22,334,147	272,22,313,83	267,1,361,146	402,21,443,83	404,9,469,81	585,22,643,127	586,1,658,80	719,22,824,160	745,21,787,84
images/0/3.jpg	4,0,50,78	62,12,100,57	129,30,138,39	166,14,201,79	219,44,257,121	288,56,297,65	327,60,364,137	379,65,417,109	447,70,455,77	484,75,522,112	539,80,574,120	605,79,614,87	646,82,681,125	689,64,733,160	763,81,770,89
images/0/4.jpg	10,9,50,83	48,32,88,67	88,33,102,46	100,31,138,71	137,32,179,96	178,32,218,86	219,33,232,45	232,31,273,102	271,9,312,86	311,31,352,69	352,31,365,44	364,9,404,69	402,31,416,44
images/0/5.jpg	3,33,22,65	23,34,40,53	44,29,63,50	74,25,81,33	92,11,118,54	129,19,138,27	152,19,181,46	184,7,225,63	241,22,252,32	272,11,315,65	323,35,375,90	401,45,421,57
images/0/6.jpg	8,6,21,46	90,7,103,25
images/0/7.jpg	4,3,72,88	88,31,140,76	173,44,188,56	211,37,273,108	304,56,352,98	381,58,395,70	417,43,493,131	501,52,557,93	576,43,590,55	613,18,694,99	699,18,714,31
images/0/8.jpg	2,15,22,37	22,5,36,123	58,22,74,56	77,27,88,49	86,12,113,133	115,32,125,53	122,21,152,69	168,39,189,60	189,43,199,65	190,42,225,121	247,51,257,73	258,36,287,73	286,56,296,78
images/0/9.jpg	10,19,63,79	95,32,115,75	129,31,148,63	139,10,187,94	198,31,222,70	223,30,243,63	242,31,287,64	278,31,331,82	340,31,361,75	374,30,394,63	394,11,444,63	440,31,474,65	473,31,493,63
images/0/10.jpg	1,13,40,38	43,13,72,56	91,13,130,38	134,13,175,34	179,12,211,49	249,11,280,43	286,11,299,36	303,1,349,53	373,11,401,63	407,11,420,36
images/0/11.jpg	10,54,59,148	88,60,108,94	114,57,126,91	130,49,161,112	188,39,222,104	227,36,247,70	254,32,265,66	269,10,291,49	310,19,344,85	349,14,369,50	374,12,387,46
images/0/12.jpg	9,4,44,32	57,1,93,41	94,31,117,46	118,32,144,73	145,20,199,73	212,50,231,70	232,43,283,75	284,64,323,90	325,71,350,89	352,74,371,95	372,80,410,111	424,88,450,106	452,92,471,113
images/0/13.jpg	1,8,51,45	102,24,134,76	117,22,135,50	128,20,156,47	152,24,169,49	155,9,205,75	253,22,278,76	265,23,298,52	293,21,341,74	332,21,364,73	355,20,370,44	368,22,397,52	394,21,428,74	522,22,547,76	547,24,558,45
images/0/14.jpg	10,2,57,81	54,23,94,86	96,27,108,42	107,29,147,91	153,34,166,48	167,35,207,75	207,39,248,84	249,44,289,91	293,49,305,63
images/0/15.jpg	23,53,79,134	97,46,113,61	132,40,183,90	183,19,235,116	234,33,283,114	284,31,331,77	348,31,363,45	378,33,425,94	425,36,468,80	484,41,499,55	514,45,555,89	570,53,583,67
images/0/16.jpg	3,19,23,47	23,0,46,52	57,19,68,50	67,19,84,64	96,19,117,50	118,19,129,51	128,19,156,47	158,19,168,51	168,3,199,62	219,19,239,47	240,20,261,50	262,19,273,51	272,6,302,48	323,18,334,56	334,19,345,50
images/0/17.jpg	2,6,31,64	35,17,48,38	49,16,54,40	55,16,69,61	90,17,101,37	102,17,107,39	107,17,118,37	119,16,124,40	124,17,131,64	132,17,147,51	148,16,153,40	153,6,182,65	183,17,198,50	199,16,204,40
images/0/18.jpg	5,46,28,84	85,41,107,65	147,34,162,47	206,31,216,47	245,9,276,39	315,21,334,46	375,23,386,39	409,21,429,53	486,21,503,44	542,25,558,36	602,28,613,43	658,33,671,56	714,40,733,63	775,47,786,62
images/0/19.jpg	12,7,43,70	51,10,89,52	96,13,106,24	112,16,146,69	154,20,188,59	194,23,232,64	239,26,249,38	253,15,296,67	311,33,342,97	352,36,361,48	365,39,398,101	403,29,439,83	448,46,458,57
images/0/20.jpg	6,9,52,72
images/0/21.jpg	4,31,30,61	29,14,55,59	66,25,93,55	93,26,104,52	102,23,124,65	136,5,157,48	171,19,183,45	181,16,204,47	205,17,221,57	219,15,231,41	230,11,250,40	250,13,261,39	261,10,287,38	287,7,310,38	311,5,331,32	330,6,342,33
images/0/22.jpg	10,36,52,92	56,48,65,58	70,45,102,84	106,41,144,83	142,38,151,49	155,18,195,87	193,32,233,108	229,29,236,40	241,26,280,103	276,21,310,60	312,19,322,30	325,1,367,55	372,12,380,22
images/0/23.jpg	5,14,28,33	22,13,67,61	65,30,100,130	118,38,131,57	151,41,173,60	195,44,208,63	224,33,254,62	266,44,291,62	311,41,324,61	335,24,371,136	376,31,411,130	429,24,452,44	478,15,492,35
images/0/24.jpg	1,2,81,85	85,21,106,36	111,19,176,68	179,19,233,51	240,19,288,54	291,19,304,32	308,19,351,55	354,4,391,64	393,18,426,49	428,18,437,29	440,18,471,57	474,18,499,40	500,19,507,28	510,18,533,42	536,19,542,27
images/0/25.jpg	10,66,40,98	80,52,128,122	127,26,193,80	222,36,260,69	304,29,325,66	371,26,402,59	451,28,473,63	496,12,561,59	577,11,622,70	668,35,704,68	751,44,772,80	806,31,850,122	905,67,924,102
images/0/26.jpg	10,32,42,69	42,30,84,95	84,27,119,64	119,24,126,34	128,24,160,61	160,8,196,57	206,18,241,55	241,16,248,26	249,1,291,78	294,13,329,50	329,10,336,19	338,10,377,74	375,7,410,44	410,5,417,14
images/0/27.jpg	12,7,28,21	31,5,48,28	114,4,130,44	133,7,139,21	142,7,152,21	155,7,174,30	229,7,241,44	244,7,250,22	253,3,270,21	327,7,341,28	344,7,350,22	353,7,360,44	363,7,385,46	388,7,398,21	401,7,407,22
images/0/28.jpg	8,9,43,51
images/0/29.jpg	3,5,89,70	95,40,158,71	167,41,201,61	206,16,286,80	298,43,325,61	330,43,360,59	365,34,409,75	434,44,455,61	459,45,483,59	487,46,501,68	541,46,568,68	572,47,587,61	591,48,603,68	634,48,647,61
images/0/30.jpg	2,56,33,93	50,55,79,73	77,53,94,76	143,48,169,60	169,45,188,57	187,9,223,70	223,42,241,54	240,4,278,111	319,35,345,46	346,33,364,43	364,32,382,44
images/0/31.jpg	3,2,37,40	52,14,65,26	75,8,118,69	120,29,150,69	169,37,181,52	194,40,230,91	235,47,269,84	286,48,299,62	313,29,344,113	364,53,375,62	393,48,424,84	430,44,462,110	470,43,503,81	509,36,543,75	559,31,571,45
images/0/32.jpg	8,68,26,88	29,70,41,97	40,66,52,82	52,59,79,109	124,53,137,72	135,52,153,67	152,51,193,125	223,40,240,55	241,38,252,53	251,35,266,65	265,35,288,63	284,30,298,49	290,9,353,108	372,18,386,36
images/0/33.jpg	9,19,39,63	43,9,73,55	76,24,83,36	87,11,118,56	120,24,149,67	153,26,183,57	187,29,194,42	199,28,228,62	231,30,260,59	264,32,271,45	276,32,304,74	308,33,337,77	341,37,348,49
images/0/34.jpg	8,5,29,33	29,8,53,33	61,14,68,22	76,12,100,51	111,19,118,29	129,20,157,45	159,21,189,47	189,21,222,47	237,19,245,28	260,13,300,61	300,13,343,44	343,9,391,42	408,2,420,13
images/0/35.jpg	4,6,33,70	40,20,48,27	52,6,91,45	92,20,115,46	119,20,148,45	152,20,160,28	164,20,187,46	191,20,219,45	222,20,248,50	253,20,262,28	265,20,287,46	292,6,330,66	331,20,353,66	359,20,367,28
images/0/36.jpg	15,43,59,77	85,23,134,74	184,31,223,75	276,29,290,62	348,25,380,59	441,23,455,58	519,22,536,64	594,22,620,68	682,24,696,58	724,9,780,82	836,25,860,71	916,28,947,63	1004,33,1019,68	1067,15,1117,71	1165,44,1178,77
images/0/37.jpg	10,32,59,87	65,8,113,81	121,31,170,82	179,31,223,81	229,31,241,47	246,31,293,104	299,32,346,104	351,31,363,48	369,7,418,79	422,32,435,48	439,30,488,81	495,7,543,82	547,32,594,81	599,32,611,49
images/0/38.jpg	4,7,34,92
images/0/39.jpg	2,6,44,36	47,15,77,37	78,15,87,21	89,15,119,36	119,15,151,36	151,15,184,36	186,15,195,21	196,6,237,35	240,15,250,21	251,15,288,51	293,15,325,51	326,15,335,21
images/0/40.jpg	8,23,43,76	33,23,77,106	60,20,78,75	68,22,93,75	80,6,110,78	187,18,201,70	192,4,230,133	301,24,332,108	328,21,339,75	336,21,354,73	352,12,390,160	516,24,546,144	540,24,554,80	548,24,579,78	572,24,596,110	599,23,616,80
images/0/41.jpg	10,42,53,109	51,54,61,70	66,32,111,102	110,46,151,77	149,42,163,60	166,39,208,93	207,20,249,73	250,29,290,65	290,27,301,42	307,21,349,77	348,17,389,55	391,13,433,54	431,8,444,25
images/0/42.jpg	2,49,43,92	55,45,79,65	80,21,130,60	139,35,169,53	172,34,196,54	200,4,238,57	240,25,278,56	281,23,304,43	307,20,328,54	331,16,356,36	360,15,393,43	396,13,420,33
images/0/43.jpg	1,9,29,40	60,6,87,37	103,17,114,36	119,15,162,37	165,17,201,36	204,17,228,36	234,17,245,35	249,17,275,36	278,15,306,40	311,18,322,36	327,17,363,37	367,18,392,42	397,17,408,36	412,17,431,44	450,18,462,36
images/0/44.jpg	10,21,40,70	44,20,77,51	79,20,85,30	88,18,120,65	123,19,130,27	132,11,161,51	166,10,197,47	201,18,209,28	210,16,243,47	245,15,277,47	279,13,287,23	288,7,323,57	326,14,357,44	360,14,368,23
images/0/45.jpg	1,2,55,57	49,23,94,101	92,31,136,75	139,39,152,51	150,43,195,83	200,49,212,61	210,52,255,129	254,60,298,137	298,67,341,112	343,73,356,86	352,70,409,140	403,86,448,126	452,93,464,105	463,81,509,172	513,104,525,117
images/0/46.jpg	6,17,19,111	68,17,78,43	76,0,115,43	202,17,231,96	229,17,247,43	245,17,255,43	253,11,266,90	361,17,371,43	369,12,382,90	477,17,501,58	499,17,509,43	507,16,528,90	527,17,545,43	544,17,562,43	560,17,570,43
images/0/47.jpg	4,2,39,57	41,14,74,44	75,14,85,28	90,14,125,48	126,2,161,57	163,14,197,58	197,13,207,27	212,13,248,53	250,13,282,41	285,13,318,45	319,13,329,28
images/0/48.jpg	6,35,59,92	58,40,115,102	122,30,137,48	154,5,215,83	226,19,241,38	266,21,319,81	320,20,373,84	389,24,403,43	426,13,473,70	486,39,531,84	557,51,570,70
images/0/49.jpg	8,1,49,37	46,3,95,56	97,8,126,53	128,10,142,45	143,10,181,44	181,12,211,49	211,16,226,51	226,15,269,53	268,19,297,65	300,21,314,56	314,0,359,58	356,24,385,61	386,27,401,63	402,27,417,70	415,28,453,82	460,31,476,74	477,33,492,69
images/0/50.jpg	4,29,41,96	48,9,82,57	74,27,105,95	110,25,126,56	99,26,154,93	186,25,210,94	217,26,229,57	229,15,282,55	284,28,312,73	313,26,326,58	326,27,349,54	350,25,363,56	363,28,384,95	379,26,414,73	407,26,424,57
images/0/51.jpg	10,19,34,51	56,16,79,48	76,14,88,40	86,15,104,50	113,13,124,38	122,4,157,46	165,13,192,36	191,12,203,38	201,11,223,39	221,2,255,37	266,9,278,36
images/0/52.jpg	1,24,59,60	60,8,121,63	146,42,172,70	178,25,223,68	257,18,303,79	307,62,332,91	332,45,392,113	420,79,455,99	463,83,491,109	494,86,554,122	561,73,612,118	639,106,665,133
images/0/53.jpg	7,61,37,101	76,52,105,110	101,51,111,64	110,49,131,60	134,47,153,69	151,45,162,58	162,43,190,65	189,40,208,64	207,38,217,51	212,19,243,50	263,32,291,55	289,29,304,41	305,27,316,40	316,25,336,38	335,9,368,38	389,19,411,42	410,15,421,29
images/0/54.jpg	4,22,58,116	60,-1,118,77	118,30,172,85	176,32,191,49	195,7,251,117	255,38,309,132	313,41,327,57	334,44,389,104	391,17,449,111	451,50,502,144	508,54,522,68	526,27,584,133	584,60,636,113	642,63,657,77
images/0/55.jpg	1,25,19,41	17,25,26,43	25,2,63,64	82,25,116,65	115,26,124,44	123,25,148,76	242,25,252,43	251,10,278,67	336,25,359,43	358,25,381,46	380,26,391,46	391,26,415,46
images/0/56.jpg	2,8,35,52	40,20,71,48	75,20,84,33	89,21,120,52	125,21,158,61	164,20,195,62	199,21,208,32	213,20,244,55	249,20,279,62	284,21,293,33	297,21,330,49	334,9,365,47	371,20,401,49	405,20,414,32
images/0/57.jpg	7,16,44,31	68,16,83,31	104,5,142,30	168,11,183,25	212,9,239,37	256,8,295,23	318,7,333,21	369,7,383,25	412,7,439,27	468,8,483,23	501,9,551,22	568,11,583,25	612,12,639,40	656,16,695,31	718,19,733,34
images/0/58.jpg	5,2,67,89	61,27,107,79	113,30,125,42	119,27,170,75	159,27,208,109	214,30,228,43	227,27,269,116	270,3,310,74	311,27,350,116	355,28,367,40	371,27,409,75	415,27,456,76	456,27,468,39	473,27,524,116	513,27,525,40
images/0/59.jpg	8,10,38,48	41,23,69,87	71,10,111,87	109,28,132,50	135,27,149,51	149,27,182,87	180,28,195,52	196,28,218,50	222,28,252,86	245,27,261,52	262,28,287,49	291,28,314,50	317,28,331,51	332,27,372,87	365,28,379,51
images/0/60.jpg	9,17,55,58	59,17,102,54	105,18,118,29	124,17,164,45	168,17,213,59	217,17,260,46	265,17,276,30	283,17,322,45	326,6,373,45	378,17,417,55	423,17,436,29	439,17,482,45	490,17,531,41	535,17,548,29
images/0/61.jpg	8,21,40,72	45,6,85,70	89,21,119,70	123,20,135,32	139,21,171,49	177,21,186,33	191,4,223,48	227,18,239,30	243,2,275,50	279,21,311,49	316,19,326,30	331,19,361,70	365,19,397,50	403,21,413,29	417,21,449,65	453,22,465,31
images/0/62.jpg	4,16,35,66	35,16,64,61	64,16,95,67	95,16,128,48	128,16,137,30	137,2,162,66	165,17,174,28	174,17,204,47	204,16,235,52	235,18,244,29	244,18,272,48	272,4,312,56	312,17,321,27
images/0/63.jpg	0,41,38,107	37,55,66,86	66,49,97,79	96,49,105,58	105,29,137,88	136,42,145,52	144,38,174,71	174,21,205,73	206,29,238,57	238,27,246,36	246,5,285,53	284,18,312,70	311,16,319,25
images/0/64.jpg	6,8,77,106	97,53,133,109	178,73,194,110	236,60,279,161	322,86,339,125	380,80,423,157
images/0/65.jpg	9,2,52,75	53,8,67,31	67,8,112,56	114,15,126,37	128,15,168,88	172,22,213,68	217,27,230,51	232,29,274,100	280,33,320,106	323,40,368,88	370,45,384,66	385,48,427,119	434,53,476,99	475,57,522,108	524,64,571,135	574,69,587,91
images/0/66.jpg	4,70,43,111	45,42,87,101	100,31,142,88	169,40,177,50	206,31,246,72	270,25,279,33	301,6,343,66	359,21,399,95	425,19,433,28	463,23,497,63	516,28,547,100	565,31,603,105	631,41,640,51
images/0/67.jpg	4,9,29,57	33,7,57,38	69,21,80,41	84,16,115,37	118,21,147,42	150,20,171,40	175,22,186,43	189,21,209,40	212,22,232,61	236,23,248,44	251,22,279,43	282,24,302,52	306,25,318,46	321,25,341,44	345,25,357,46	360,26,383,51	386,25,407,45	410,27,422,48
images/0/68.jpg	9,28,36,46	60,23,81,46	107,17,121,32	143,14,157,38	200,11,213,26	231,2,268,32	285,11,315,26	339,14,352,28	381,14,402,30	415,10,437,44	472,23,496,42	525,31,538,46
images/0/69.jpg	10,5,50,57	61,10,112,107	123,35,165,129	179,51,223,106	251,67,264,82	292,79,338,172	352,91,393,149	423,103,435,117	464,113,507,205	521,122,564,215	578,130,622,184	650,139,663,153	692,144,735,238	742,127,797,204	807,154,849,247	865,158,906,252	921,161,964,217	992,165,1004,180
images/0/70.jpg	9,8,31,54	30,22,37,28	37,23,59,62	58,22,80,57	80,22,87,29	87,8,108,63	108,23,115,29	114,21,137,65	137,8,162,62	162,22,183,64	183,22,190,29	189,22,210,44	210,22,217,28
images/0/71.jpg	10,21,62,72	69,22,115,119	119,23,140,70	144,25,166,120	167,5,255,123	260,27,306,123	310,29,330,77	334,31,368,72	373,31,391,78	395,12,479,81	486,35,543,131	547,36,586,85	591,37,610,84	613,9,667,135	700,40,719,88
images/0/72.jpg	6,21,41,60	46,6,82,78	86,21,119,79	121,21,134,40	137,22,173,81	176,22,211,57	214,21,225,40	228,22,264,59	271,21,283,40	286,22,321,78	323,22,359,60	360,21,372,40	375,22,412,79	413,21,425,40	428,12,465,56	469,22,504,78	506,21,517,40
images/0/73.jpg	4,37,35,67	43,34,62,52	61,33,73,54	73,32,93,52	92,31,126,69	135,28,165,50	164,26,181,50	179,15,236,51	260,20,295,42	292,15,313,44	314,2,411,40	427,10,454,46	454,9,485,42
images/0/74.jpg	0,1,34,70	132,26,157,76	155,29,166,53	164,24,198,56	196,35,207,59	205,19,247,94	294,53,318,103	316,56,327,79	325,58,363,110	361,54,386,115	450,79,463,127	461,80,472,104
images/0/75.jpg	2,16,19,29	78,21,105,86	172,28,181,43	253,30,264,59	334,36,352,62	418,38,429,54	479,22,503,69	581,41,600,68	668,42,678,58	737,3,776,67	834,39,844,55	888,35,899,69	995,32,1012,44	1083,28,1093,44	1129,21,1145,51	1248,17,1258,32
images/0/76.jpg	9,11,33,39	40,26,60,52	62,28,75,44	77,27,99,57	107,25,123,42	126,26,139,44	140,6,166,52	174,27,192,50	194,25,207,42	209,5,231,59	233,26,258,43	260,24,276,42	279,26,291,41	293,4,321,40	324,27,336,44
images/0/77.jpg	10,14,57,75	61,32,73,51	77,33,117,93	121,32,162,70	165,31,177,49	182,12,222,93	228,30,240,49	245,30,286,77	289,10,337,91	341,29,384,75	388,27,400,45	404,8,450,87	454,27,465,47
images/0/78.jpg	17,9,103,122	88,36,150,122	153,36,172,52	166,11,244,86	226,36,290,122	291,36,308,52	307,36,368,85	362,10,420,93	427,36,445,51	439,35,508,84	500,36,562,122	565,36,584,51
images/0/79.jpg	6,1,25,50	26,18,43,72	44,18,59,48
images/0/80.jpg	0,15,31,65	41,19,68,52	60,17,81,39	76,16,91,42	87,16,124,73	117,17,143,52	138,18,150,40	147,17,160,71	157,16,179,51	176,16,187,40	185,19,202,44	201,5,213,72	220,18,230,43	229,0,256,72	253,16,274,52	273,19,284,43
images/0/81.jpg	5,25,34,68	34,24,59,105	61,24,92,68	94,24,99,33	100,2,129,105	132,25,137,34	139,24,171,105	172,25,201,69	204,24,236,66	238,24,243,33	245,24,273,69	274,3,310,78	315,25,344,65	346,24,351,33
images/0/82.jpg	5,8,59,57	54,8,105,84	106,8,155,94	156,10,171,25	170,9,224,56	224,9,276,94	278,10,293,26	293,8,341,59	343,8,392,93	394,8,441,63	444,10,458,26	461,8,509,95	512,8,554,93
images/0/83.jpg	0,19,51,72	36,19,103,82	91,19,145,67	145,20,162,32	145,1,224,112	205,20,259,112	258,20,275,32	259,20,317,82	311,20,367,67	367,20,384,32	372,20,426,112	415,20,471,67	471,20,488,32	477,19,533,68	520,19,574,66	581,20,597,32
images/0/84.jpg	6,26,55,124	58,49,100,146	98,46,137,109	139,43,177,78	185,40,195,50	203,39,237,75	239,8,284,132	291,32,335,130	333,29,344,39	352,27,391,89	393,24,430,60	438,22,448,31
images/0/85.jpg	8,18,44,49	44,18,79,48	79,18,88,30	88,18,127,82	129,18,166,54	166,18,175,30	175,5,217,63	218,18,255,54	255,17,264,30	264,2,299,48	299,18,335,83	335,17,344,30	344,18,380,49	380,17,415,48	415,18,424,30
images/0/86.jpg	1,7,64,51	65,22,83,90	83,22,99,56	98,0,136,90	158,21,171,57	172,22,212,89	224,23,238,90	239,22,254,55	255,24,289,89	292,22,323,89	326,21,338,56	342,0,377,56	381,22,393,56
images/0/87.jpg	5,9,36,41	37,13,68,60	70,17,99,46	101,21,112,37	111,12,149,60	148,26,176,56	180,31,190,47	191,19,222,78	224,36,234,52	234,36,266,76	268,40,298,72	301,46,311,61
images/0/88.jpg	4,9,34,103	26,11,46,56	39,10,59,57	51,13,64,62	55,14,91,82	171,13,193,72	259,41,274,90	267,29,288,84	396,57,422,153	414,59,427,107	420,58,448,105	440,64,459,108	452,65,466,112	453,48,491,152	547,76,562,125
images/0/89.jpg	6,15,42,36	43,2,82,32	84,15,120,36	124,15,135,35	136,15,161,46	179,14,190,35	193,15,217,34	218,3,261,52	262,15,296,33	299,15,311,35	313,15,345,40	345,15,369,36	373,14,384,35
images/0/90.jpg	6,29,34,65	34,28,42,42	43,28,71,59	77,27,105,85	107,27,138,77	140,26,149,40	150,26,184,57	190,24,225,59	229,24,240,40	240,13,281,56	287,22,327,80	329,22,340,39	343,20,387,79	391,3,441,81	449,19,463,38
images/0/91.jpg	6,28,30,108	33,4,49,70	64,28,88,108	93,29,101,72	105,28,119,77	123,29,136,69	140,29,153,69	158,29,166,71	170,5,186,109	200,28,209,107	213,4,229,71	243,29,258,71	263,29,271,72	275,8,309,61	315,29,329,76	334,29,342,72
images/0/92.jpg	3,31,46,85	45,8,87,120	93,31,133,81	132,31,175,80	176,32,189,48	188,11,241,120	237,31,280,120	280,32,294,48	290,20,344,77	335,31,381,120	381,33,394,48	388,6,432,84	434,31,486,120	483,33,499,48	491,31,538,78	525,31,578,120	576,33,592,48
images/0/93.jpg	0,2,56,87	66,28,93,99	133,40,146,78	161,27,221,113	252,51,267,123	317,57,329,95	369,54,406,128	436,53,457,86	495,49,521,86	560,45,581,82	615,39,644,79	671,28,702,62	732,21,756,53
images/0/94.jpg	4,20,32,57	32,10,67,37	67,9,100,40	103,19,110,25	111,11,147,58	148,19,155,25	156,20,189,57	190,19,220,37	221,20,228,26	228,18,261,57	264,19,296,41	296,20,302,25
images/0/95.jpg	1,5,43,93	44,26,54,46	56,4,102,76	100,25,144,94	144,4,186,91	186,26,229,67	229,25,239,46	239,25,283,95	282,26,326,65	325,25,336,45	336,26,378,69	380,25,422,95	423,25,433,44	434,7,477,68	477,26,519,95	520,25,531,45
images/0/96.jpg	3,53,39,108	36,27,72,97	72,34,105,88	105,28,136,59	150,22,158,33	167,19,196,71	196,19,227,70	226,3,253,65	255,20,283,50	294,24,303,33	314,28,341,59	343,34,372,86	374,43,402,76	412,52,423,62
images/0/97.jpg	4,19,42,51	58,4,130,64	147,34,187,72	226,38,249,75	292,42,340,85	366,44,406,79	418,43,483,111	524,42,548,80	594,38,635,71	641,15,713,91	754,26,780,69	835,18,861,56
images/0/98.jpg	10,26,44,69	43,6,82,71	81,24,90,38	91,10,129,65	130,23,167,101	166,21,175,36	176,22,212,100	211,2,249,68	249,19,259,33	259,20,295,62	295,19,330,61	331,17,340,31	341,18,379,64	378,17,415,95	414,16,449,94	448,15,458,28
images/0/99.jpg	4,22,52,59	57,21,93,60	97,21,143,56	151,22,167,60	173,12,199,68	257,21,276,67	285,21,300,60	306,8,346,59	390,22,426,60	434,20,449,59	455,1,507,56	534,21,582,60	588,21,624,60	630,20,646,60	641,21,694,85	725,20,740,61
