images/0/1.jpg	8,28,82,64	86,0,157,77	161,40,190,65	193,29,249,66
images/0/2.jpg	6,5,33,72	35,22,65,53	67,24,77,33	80,4,118,60	119,25,159,86
images/0/4.jpg	9,31,42,80	46,27,83,83	89,29,98,41	103,9,150,65	154,24,207,88
images/0/0.jpg	8,29,16,44	18,7,38,37	59,28,74,39	77,22,98,40
images/0/6.jpg	9,8,48,97	51,30,62,42	65,27,104,84	108,29,145,72
images/0/3.jpg	9,5,49,64	45,10,76,40	77,5,108,35	120,5,130,14	139,10,173,53	171,19,206,76	202,35,237,70
images/0/7.jpg	1,21,39,55	37,15,76,51	72,12,84,24	83,8,124,71
images/0/8.jpg	7,9,43,57	41,23,74,74	72,26,102,64	100,29,112,41	110,29,137,62
images/0/9.jpg	0,23,29,143	35,10,69,149	80,35,91,59	93,34,128,69
images/0/11.jpg	7,17,45,74	48,33,59,49	59,10,99,74	100,24,142,84	146,19,184,61
images/0/5.jpg	5,7,49,112	52,34,93,85	97,34,109,50	115,34,156,118
images/0/14.jpg	4,12,40,75	42,23,72,55	74,19,105,51	108,15,116,26	122,13,163,64	164,9,198,78	196,5,228,36
images/0/12.jpg	0,8,81,107	101,22,135,59	138,19,157,61	159,19,202,108
images/0/10.jpg	1,4,33,89
images/0/15.jpg	3,19,43,65	50,16,94,84	102,11,141,82	145,9,157,30	165,7,211,81	215,2,258,47
images/0/13.jpg	8,42,30,64	46,53,55,76	81,55,93,70	109,5,153,56	159,15,203,44
images/0/17.jpg	4,15,43,72	45,27,87,90	109,35,122,45	149,10,214,72	221,12,317,100
images/0/19.jpg	1,100,21,117	35,95,61,131	67,89,90,107	102,85,115,106	120,80,139,135	221,66,240,84	250,4,305,125
images/0/20.jpg	3,0,34,47	31,14,62,64	60,13,69,21	67,14,94,42
images/0/16.jpg	6,10,30,40	31,0,69,42	70,22,76,30	72,19,99,49
images/0/22.jpg	3,2,18,10	19,2,41,13	43,2,69,16	70,2,85,9	86,1,104,14	126,1,140,18
images/0/21.jpg	8,33,62,102	61,7,125,97	119,21,132,41	141,14,195,73
images/0/25.jpg	1,0,47,63
images/0/23.jpg	9,1,58,69	57,21,71,34	68,1,112,70	112,21,155,100	155,21,196,65
images/0/18.jpg	0,4,43,59	46,10,92,91	110,46,122,63	141,53,185,103	205,51,216,69	236,19,278,87
images/0/24.jpg	3,1,42,138	82,31,116,66	119,30,150,81	152,27,172,81	174,27,207,91	263,24,316,122	317,23,347,73
images/0/28.jpg	7,6,26,64	22,4,51,140	47,6,75,127
images/0/27.jpg	2,16,21,100	23,10,40,59	107,15,117,61	118,7,145,58
images/0/29.jpg	8,11,46,112	62,26,73,48	76,26,107,111	126,26,146,47
images/0/31.jpg	9,58,32,79	35,58,89,140	93,59,128,77	136,59,152,82	153,9,212,125	275,59,301,96
images/0/33.jpg	6,9,25,60	29,24,47,86	56,27,64,38	66,26,85,88	92,31,109,72	120,33,141,65
images/0/32.jpg	1,26,42,107	40,7,85,110	87,34,96,45	93,33,134,86
images/0/26.jpg	2,32,48,91	46,43,85,78	102,41,113,51	130,32,167,83	172,26,206,88	212,24,243,57	252,5,286,57	292,20,327,80	340,18,349,27	372,21,404,55	410,23,449,62	450,27,489,60	501,32,509,42	532,37,586,102	577,43,617,83	619,53,667,89
images/0/36.jpg	3,12,24,30	26,10,49,45	51,11,72,30	75,13,90,34	90,5,128,64	129,11,150,28
images/0/35.jpg	6,0,36,31	35,1,63,50	64,8,94,54	97,14,105,24	104,14,134,45
images/0/38.jpg	0,8,20,51	20,22,23,31	23,21,41,77	41,22,58,52
images/0/34.jpg	9,26,72,181	33,4,71,56	80,27,99,59	97,24,141,57
images/0/37.jpg	5,8,50,46	66,20,79,36	84,20,98,29	101,20,132,31	135,16,163,36	181,20,204,33	207,20,227,26	230,13,271,28	276,20,290,29	293,20,311,28	315,7,361,46	377,20,389,35	394,21,408,30
images/0/39.jpg	8,35,23,49	27,14,68,105	105,37,115,52	123,36,139,49	147,38,158,53	164,3,197,48
images/0/42.jpg	7,6,45,39	41,4,77,43	74,5,94,42	92,6,141,79
images/0/40.jpg	4,5,40,68	86,16,104,31	108,15,121,31	124,13,173,86
images/0/41.jpg	5,0,35,28	37,0,68,26
images/0/43.jpg	2,16,62,61	60,32,78,94	75,31,90,65	87,9,120,61	118,31,153,94
images/0/44.jpg	0,10,17,23	21,7,51,36	53,7,78,36	80,9,92,26	97,9,116,46	164,8,188,67
images/0/47.jpg	5,53,71,107	77,52,102,100	110,51,142,78	147,4,227,70	233,47,307,81
images/0/48.jpg	2,28,13,96	25,8,37,45	52,5,56,16	64,9,79,44	89,29,104,63
images/0/49.jpg	5,8,21,41	20,8,37,66	36,8,53,65	53,9,59,18	59,8,78,54	77,8,96,44
images/0/45.jpg	4,31,36,69	40,21,61,78	111,33,128,73	133,11,184,94	189,35,207,79
images/0/46.jpg	5,20,46,68	51,12,93,61	97,23,137,60	142,22,152,39	156,4,200,77	203,22,245,56
images/0/50.jpg	10,15,39,44	42,5,76,67	75,14,106,68	107,16,117,26	121,14,148,47
images/0/51.jpg	10,5,36,40	34,9,57,53	75,13,102,47	105,18,116,50	118,8,168,56	186,32,223,65	224,36,251,70
images/0/53.jpg	7,5,56,89	65,22,81,89	84,21,97,53	97,22,125,88	123,22,165,86	197,22,227,67
images/0/52.jpg	3,10,70,75	48,32,97,71	96,32,111,43	98,32,149,74	140,32,190,69	179,31,227,97
images/0/55.jpg	3,23,21,34	26,7,42,41	70,24,94,42	100,23,112,33	116,23,128,32
images/0/57.jpg	4,10,66,62	81,46,128,91	154,50,166,69	189,29,221,86
images/0/54.jpg	3,51,41,88	30,12,82,98	94,27,105,39	118,8,156,95	160,50,194,119
images/0/58.jpg	4,10,36,65	37,26,45,39	46,9,84,68	86,24,118,98	117,26,150,59
images/0/60.jpg	6,9,26,35	27,15,49,48	52,12,78,33	81,12,89,18	94,8,130,32
images/0/56.jpg	6,9,57,58	60,24,109,79	117,24,162,63	166,25,180,39	184,24,232,61
images/0/59.jpg	8,1,36,54	40,17,67,70	69,17,76,26	76,17,102,48
images/0/61.jpg	7,28,45,69	43,8,87,64	90,24,101,36	104,23,140,60
images/0/62.jpg	6,31,41,95	42,31,68,91	70,32,80,42	82,7,114,68	116,31,148,91
images/0/64.jpg	7,41,24,66	23,19,39,43	46,9,51,17	57,8,71,50	74,18,88,44	92,40,107,66
images/0/65.jpg	6,6,29,43	27,18,48,76	51,18,77,51	77,18,87,29	86,19,114,53	113,18,139,58	140,2,183,52	181,17,198,30	196,19,237,61
images/0/63.jpg	4,7,38,57	44,30,60,61	58,6,95,110	102,30,149,111	146,30,173,59
images/0/66.jpg	9,10,49,62	55,10,88,76	97,11,132,49	153,27,162,40	186,56,216,96
images/0/67.jpg	8,8,41,43	43,10,75,43	79,8,87,21	88,10,122,58
images/0/69.jpg	4,44,36,75	23,2,61,46	76,18,86,25	116,45,144,72
images/0/68.jpg	6,0,42,36	46,0,81,60	87,0,119,60	124,0,134,10	140,0,176,48	181,0,217,36
images/0/71.jpg	7,18,40,61	43,6,76,46	78,19,88,29	89,18,123,42
images/0/73.jpg	1,39,30,61	34,41,42,61	45,41,63,52	63,1,108,49	109,39,137,58
images/0/74.jpg	9,17,31,49	34,5,61,60	63,16,68,28	72,17,91,46	94,16,99,29	102,1,123,48
images/0/72.jpg	4,1,43,57	54,13,86,49	88,10,97,22	104,8,137,47	141,4,179,46
images/0/76.jpg	1,8,39,89	42,10,86,73	87,10,109,55	110,11,134,100	133,12,177,54	182,13,244,87
images/0/75.jpg	7,18,53,60	36,5,81,73	137,18,194,73	190,18,221,64	216,19,262,63
images/0/77.jpg	6,2,40,83	78,2,103,34	109,3,118,34	123,2,146,34	151,3,170,35
images/0/70.jpg	0,36,69,96	62,8,118,77	133,4,150,26	169,22,222,78
images/0/79.jpg	8,4,44,62	42,25,55,35	52,4,88,68	85,24,126,131	119,24,154,59
images/0/81.jpg	5,14,44,55	99,61,118,77	171,58,184,75	234,39,252,59	296,4,322,26
images/0/80.jpg	14,43,61,85	66,21,119,101	116,31,128,49	136,8,188,92	192,18,245,84
images/0/82.jpg	6,30,43,105	44,5,82,102	85,24,96,53	97,18,128,53
images/0/84.jpg	9,27,24,40	26,28,33,42	35,27,46,39	49,6,82,38	84,31,110,48
images/0/78.jpg	2,17,27,100	105,15,121,35	182,11,193,31	259,17,264,38	303,27,319,59	399,54,417,117	477,85,490,106
